###

# Set colors for plotting
phylum_colors <- c(
  "gray",'black', "#DA5724", "#5F7FC7","#508578", "#CD9BCD", "orange",
  "#5F7FC7","#AD6F3B", "#673770","#D14285", "#652926", "#C84248",
  "#8569D5", "#D1A33D", "#8A7C64", "#599861","#5E738F"
)

my_color_collection <- c(
  "#CBD588", "#5F7FC7", "orange", "#AD6F3B", "#673770",
  "#D14285", "#652926", "#C84248", "#8569D5", "#5E738F",
  "#D1A33D", "#8A7C64", "#599861","#616163", "#FFCDB2",
  "#6D9F71", "#242F40",
  "#CCA43B", "#F92A82", "#ED7B84", "#7EB77F",
  "#DEC4A1", "#E5D1D0", '#0E8482', '#C9DAEA', '#337357',
  '#95C623', '#E55812', '#04471C', '#F2D7EE', '#D3BCC0',
  '#A5668B', '#69306D', '#0E103D', '#1A535C', '#4ECDC4',
  '#F7FFF7', '#FF6B6B', '#FFE66D', '#6699CC', '#FFF275',
  '#FF8C42', '#FF3C38', '#A23E48', '#000000', '#CF5C36',
  '#EEE5E9', '#7C7C7C', '#EFC88B', '#2E5266', '#6E8898',
  '#9FB1BC', '#D3D0CB', '#E2C044', '#5BC0EB', '#FDE74C',
  '#9BC53D', '#E55934', '#FA7921', "#CD9BCD", "#508578", "#DA5724")

my_color_Class <- c(
  '#9FB1BC', '#D3D0CB', '#E2C044', '#5BC0EB', '#FDE74C',
  "#AD6F3B", "#673770","#D14285", "#652926", "#C84248",
  "#8569D5", "#5E738F","#D1A33D", "#8A7C64", "#599861",
  "orange", "#5F7FC7", "#CBD588", "#AD6F3B", "#673770",
  "#616163",  "#FFCDB2", "#242F40", "#6D9F71",
  "#CCA43B", "#F92A82", "#ED7B84", "#7EB77F",
  "#DEC4A1", "#E5D1D0", '#0E8482', '#C9DAEA', '#337357',
  '#95C623', '#E55812', '#04471C', '#F2D7EE', '#D3BCC0',
  '#A5668B', '#69306D', '#0E103D', '#1A535C', '#4ECDC4',
  '#F7FFF7', '#FF6B6B', '#FFE66D', '#6699CC', '#FFF275',
  '#FF8C42', '#FF3C38', '#A23E48', '#000000', '#CF5C36',
  '#EEE5E9', '#7C7C7C', '#EFC88B', '#2E5266', '#6E8898',
  '#9FB1BC', '#D3D0CB', '#E2C044', '#5BC0EB', '#FDE74C',
  '#9BC53D', '#E55934', '#FA7921', "#CD9BCD", "#508578", "#DA5724",
  "#CBD588", "#5F7FC7", "orange",
  "#AD6F3B", "#673770","#D14285", "#652926", "#C84248",
  "#8569D5", "#5E738F","#D1A33D", "#8A7C64", "#599861",
  "#616163",  "#FFCDB2", "#242F40", "#6D9F71",
  "#CCA43B", "#F92A82", "#ED7B84", "#7EB77F",
  "#DEC4A1", "#E5D1D0", '#0E8482', '#C9DAEA', '#337357',
  '#95C623', '#E55812', '#04471C', '#F2D7EE', '#D3BCC0',
  '#A5668B', '#69306D', '#0E103D', '#1A535C', '#4ECDC4',
  '#F7FFF7', '#FF6B6B', '#FFE66D', '#6699CC', '#FFF275',
  '#FF8C42', '#FF3C38', '#A23E48', '#000000', '#CF5C36',
  '#EEE5E9', '#7C7C7C', '#EFC88B', '#2E5266', '#6E8898',
  '#9FB1BC', '#D3D0CB', '#E2C044', '#5BC0EB', '#FDE74C',
  '#9BC53D', '#E55934', '#FA7921', "#CD9BCD", "#508578", "#DA5724",
  "#CBD588", "#5F7FC7", "orange",
  "#AD6F3B", "#673770","#D14285", "#652926", "#C84248",
  "#8569D5", "#5E738F","#D1A33D", "#8A7C64", "#599861",
  "#616163",  "#FFCDB2", "#242F40", "#6D9F71",
  "#CCA43B", "#F92A82", "#ED7B84", "#7EB77F",
  "#DEC4A1", "#E5D1D0", '#0E8482', '#C9DAEA', '#337357',
  '#95C623', '#E55812', '#04471C', '#F2D7EE', '#D3BCC0',
  '#A5668B', '#69306D', '#0E103D', '#1A535C', '#4ECDC4',
  '#F7FFF7', '#FF6B6B', '#FFE66D', '#6699CC', '#FFF275',
  '#FF8C42', '#FF3C38', '#A23E48', '#000000', '#CF5C36',
  '#EEE5E9', '#7C7C7C', '#EFC88B', '#2E5266', '#6E8898',

  '#9BC53D', '#E55934', '#FA7921', "#CD9BCD", "#508578", "#DA5724")



my_color_Order <- c(
  "gray",'black',"#CBD588", "#5F7FC7", "orange",
  "#AD6F3B", "#673770","#D14285", "#652926", "#C84248",
  "#8569D5", "#5E738F","#D1A33D", "#8A7C64", "#599861",
  '#E55812',  "#FFCDB2", "#242F40", "#6D9F71", "#CCA43B",
  "#F92A82", "#ED7B84", "#5F7FC7",
  '#95C623', '#E55812', '#04471C', '#F2D7EE', '#D3BCC0',
  '#A5668B', '#69306D', '#0E103D', '#1A535C', '#4ECDC4',
  '#F7FFF7', '#FF6B6B', '#FFE66D', '#6699CC', '#FFF275',
  '#FF8C42', '#FF3C38', '#A23E48', '#000000', '#CF5C36',
  '#EEE5E9', '#7C7C7C', '#EFC88B', '#2E5266', '#6E8898',
  '#9FB1BC', '#D3D0CB', '#E2C044', '#5BC0EB', '#FDE74C',
  '#9BC53D', '#E55934', '#FA7921', "#CD9BCD", "#508578", "#DA5724",
  "#CBD588", "#5F7FC7", "orange",
  "#AD6F3B", "#673770","#D14285", "#652926", "#C84248",
  "#8569D5", "#5E738F","#D1A33D", "#8A7C64", "#599861",
  "#616163",  "#FFCDB2", "#242F40", "#6D9F71",
  "#CCA43B", "#F92A82", "#ED7B84", "#7EB77F",
  "#DEC4A1", "#E5D1D0", '#0E8482', '#C9DAEA', '#337357',
  '#95C623', '#E55812', '#04471C', '#F2D7EE', '#D3BCC0',
  '#A5668B', '#69306D', '#0E103D', '#1A535C', '#4ECDC4',
  '#F7FFF7', '#FF6B6B', '#FFE66D', '#6699CC', '#FFF275',
  '#FF8C42', '#FF3C38', '#A23E48', '#000000', '#CF5C36',
  '#EEE5E9', '#7C7C7C', '#EFC88B', '#2E5266', '#6E8898',
  '#9FB1BC', '#D3D0CB', '#E2C044', '#5BC0EB', '#FDE74C',
  '#9BC53D', '#E55934', '#FA7921', "#CD9BCD", "#508578", "#DA5724",
  "#CBD588", "#5F7FC7", "orange",
  "#AD6F3B", "#673770","#D14285", "#652926", "#C84248",
  "#8569D5", "#5E738F","#D1A33D", "#8A7C64", "#599861",
  "#616163",  "#FFCDB2", "#242F40", "#6D9F71",
  "#CCA43B", "#F92A82", "#ED7B84", "#7EB77F",
  "#DEC4A1", "#E5D1D0", '#0E8482', '#C9DAEA', '#337357',
  '#95C623', '#E55812', '#04471C', '#F2D7EE', '#D3BCC0',
  '#A5668B', '#69306D', '#0E103D', '#1A535C', '#4ECDC4',
  '#F7FFF7', '#FF6B6B', '#FFE66D', '#6699CC', '#FFF275',
  '#FF8C42', '#FF3C38', '#A23E48', '#000000', '#CF5C36',
  '#EEE5E9', '#7C7C7C', '#EFC88B', '#2E5266', '#6E8898',
  '#9FB1BC', '#D3D0CB', '#E2C044', '#5BC0EB', '#FDE74C',
  '#9BC53D', '#E55934', '#FA7921', "#CD9BCD", "#508578", "#DA5724"
)

my_color_Family <- c(
  "gray",'black',"#CBD588", "#5F7FC7", "orange",
  "#AD6F3B", "#673770","#D14285", "#652926", "#C84248",
  "#8569D5", "#5E738F","#D1A33D", "#8A7C64", "#599861",
  '#E55812',  "#FFCDB2", "#242F40", "#6D9F71", "#CCA43B",
  "#F92A82", "#ED7B84", "#5F7FC7",
  '#95C623', '#E55812', '#04471C', '#F2D7EE', '#D3BCC0',
  '#A5668B', '#69306D', '#0E103D', '#1A535C', '#4ECDC4',
  '#F7FFF7', '#FF6B6B', '#FFE66D', '#6699CC', '#FFF275',
  '#FF8C42', '#FF3C38', '#A23E48', '#000000', '#CF5C36',
  '#EEE5E9', '#7C7C7C', '#EFC88B', '#2E5266', '#6E8898',
  '#9FB1BC', '#D3D0CB', '#E2C044', '#5BC0EB', '#FDE74C',
  '#9BC53D', '#E55934', '#FA7921', "#CD9BCD", "#508578", "#DA5724",
  "#CBD588", "#5F7FC7", "orange",
  "#AD6F3B", "#673770","#D14285", "#652926", "#C84248",
  "#8569D5", "#5E738F","#D1A33D", "#8A7C64", "#599861",
  "#616163",  "#FFCDB2", "#242F40", "#6D9F71",
  "#CCA43B", "#F92A82", "#ED7B84", "#7EB77F",
  "#DEC4A1", "#E5D1D0", '#0E8482', '#C9DAEA', '#337357',
  '#95C623', '#E55812', '#04471C', '#F2D7EE', '#D3BCC0',
  '#A5668B', '#69306D', '#0E103D', '#1A535C', '#4ECDC4',
  '#F7FFF7', '#FF6B6B', '#FFE66D', '#6699CC', '#FFF275',
  '#FF8C42', '#FF3C38', '#A23E48', '#000000', '#CF5C36',
  '#EEE5E9', '#7C7C7C', '#EFC88B', '#2E5266', '#6E8898',
  '#9FB1BC', '#D3D0CB', '#E2C044', '#5BC0EB', '#FDE74C',
  '#9BC53D', '#E55934', '#FA7921', "#CD9BCD", "#508578", "#DA5724",
  "#CBD588", "#5F7FC7", "orange",
  "#AD6F3B", "#673770","#D14285", "#652926", "#C84248",
  "#8569D5", "#5E738F","#D1A33D", "#8A7C64", "#599861",
  "#616163",  "#FFCDB2", "#242F40", "#6D9F71",
  "#CCA43B", "#F92A82", "#ED7B84", "#7EB77F",
  "#DEC4A1", "#E5D1D0", '#0E8482', '#C9DAEA', '#337357',
  '#95C623', '#E55812', '#04471C', '#F2D7EE', '#D3BCC0',
  '#A5668B', '#69306D', '#0E103D', '#1A535C', '#4ECDC4',
  '#F7FFF7', '#FF6B6B', '#FFE66D', '#6699CC', '#FFF275',
  '#FF8C42', '#FF3C38', '#A23E48', '#000000', '#CF5C36',
  '#EEE5E9', '#7C7C7C', '#EFC88B', '#2E5266', '#6E8898',
  '#9FB1BC', '#D3D0CB', '#E2C044', '#5BC0EB', '#FDE74C',
  '#9BC53D', '#E55934', '#FA7921', "#CD9BCD", "#508578", "#DA5724"
)
